{
    "Bleu_1": 0.6303155006854387,
    "Bleu_2": 0.4554924471353604,
    "Bleu_3": 0.33776783103030356,
    "Bleu_4": 0.25743609730600747,
    "METEOR": 0.23137584250829923,
    "ROUGE_L": 0.3470768779782903,
    "CIDEr": 0.14550892424677628
}